----------GRAPH---------
44.5078 40.1861
44.5063 40.1848
44.5084 40.1833
44.5096 40.1824
44.5099 40.1846
44.5112 40.1837
44.5124 40.1828
44.5144 40.1845
44.5132 40.1855
44.5172 40.185
44.5156 40.1837
44.5136 40.182
44.5154 40.1807
44.5174 40.1824
44.5189 40.1837
44.5208 40.1821
44.5193 40.181
44.5148 40.183
44.5166 40.1817
44.5092 40.1799
44.5108 40.1814
44.5138 40.1794
44.5169 40.1796
44.5219 40.1791
44.5185 40.1777
44.5203 40.1753
44.5138 40.1735
44.5139 40.1757
44.5101 40.1793
44.5113 40.1802
44.5133 40.1789
44.515 40.1786
44.5119 40.1807
44.5137 40.1838
44.512 40.1863
44.5196 40.1842
44.5235 40.1799
44.5222 40.1809
44.5206 40.1801
44.5171 40.1771
44.5201 40.175
44.5164 40.1768
44.5172 40.1762
44.5194 40.1746
44.5216 40.186
44.5184 40.186
44.5198 40.1872
44.5152 40.187
44.5057 40.1841
44.509 40.1819
